$ANSIBLE_VAULT;1.1;AES256
62616663356466396566626366313236316561373639316639643239643233356434363265613238
6561313438626436626136636339353662336336643565350a616438363933636464386662383166
63636136623265616132373866386331323562346235343134623234306238336234313965626461
6139306134626366610a343638343262326238643536313633353834353463333235353664303533
39626330313231313762333862636236316664643936333438373734343530373961353038303230
38393565376566323434366635336534666239343339353663656237333634633136303232613162
36346361383035613266653263343237383266373132323565363463326134376665643239376161
35383136343032373032643866373662393737636131346161396134353733306539353566346639
39356130336663326362613236336235383764643031623861343733326438393765386661326463
62396164326233656336396661656162306461303866386635613635313334623861633464653662
37393732636466303036326337643131616130316463343432663364333939656431396238643535
66313664373739383666346536663064313662313534323736656438666661366434356132303361
36313133363763396566396634663361383132336532643337356663616536623562376633393636
6665643561383131623166383337373935613632326337383862
