$ANSIBLE_VAULT;1.1;AES256
39353936656564393437316133366662313932383630333232643937366563373665616361383830
6664633334376466626162633936333939643435373336310a653537343933353265363461376638
32303064383265663165616263633064626337306163356433303637303962653636343561643239
3065373935613462360a643736316561646365323839656463383064336261353037363633623233
31623465313366393632383663636531393136356635336437656261306161376330386164636435
64356564343630346239313063613061306235363664306163353033343065656664643563366263
33393037653762623665613234373939613733656264653536376663646466653937663934303838
63643664323630613364303465653630613239613538353131353637623138663661343535383962
38316530613236656235373963616632646334626435376562623032656665396533643136343738
37396436643466323461353537373866303031343765653835626330613861346136356339396133
38313938613837333931363939656233363438643263666364383834383635656531383635626237
33653237356437616432613738343463666430316561616661343633393730623463636163373339
30383665623036333535616437336639633834633531303538653632376138633834633466626566
6531353732633630373036396231613037353734633761643233
