$ANSIBLE_VAULT;1.1;AES256
38366563353430326364656632633165313061326263646436356161616433343335363539336463
3736383137386363343362303232396665386636626130660a656639386365656630643436313963
63303534386636363736373231633262323063393166363038626631353963353734383365353930
3438326136393433660a343562633438313063613230653962643538326266326636326434323138
30363361663566343130303735626261316465353965313661363464373434633437333738356530
64323863376435313034313765383136316430333466373463653532386563653462663237626630
66623030636564343331373332393735653761373866626463346334336639663262653335356662
36623363633631656263313933336665393566666464326265646439396539323963393233323437
32373736613534656137363066653235653536336166366566366665666262623434656265646534
32316466616362393965323164363539386566646663343632356332663434326135386230303935
38303833373232373236666437346131623337393339383763326334326362333662323331373030
31646361643766643732363236326666653630363331306535373339316633646266633563613138
3136
