$ANSIBLE_VAULT;1.1;AES256
65366335333731303463376664323164663561383631366134373033323765663461323633363833
6465663235333561616433616162623361343363643331340a323137636630343838643263336466
65663638333765396535373563316136376239316263633937636261363937343838633863363034
6661343664343238310a663065396431636330623931393062633637343261333639656339386465
38373030336139323465653438663739313432343339613838636263653364653830653038323438
34323861383766343238316338333437613263623637376466343133616630656562356234313135
31396363636234663331313533386431323764616639646533653364386539653862323633363339
30396365343863346533626161613862323338303037346661393565383833663038393264353437
66373239343330633639336631323537316536623336623331363963643230386235636561643562
66343034626138366361396233323661336366633837336333323663373435663832383632366236
33326636653432626632643664643534346433663663396465386635623033313037633161383338
31636339663537663630633234653233613566653439643963303938653737316130303832303565
32316634653837353264333539356231646138376135313063393730333534656565396232353432
3765323065653464633332306261393462306562646433363063
