$ANSIBLE_VAULT;1.1;AES256
38303736653933316339396633333038663030313230643564383762616136363738623766323764
3131356632653935643236306135373633346239626130610a303430393230363038313661393635
35393637663465653234313165316435333831383566353365396131383530363832386439363838
3838613638326634360a353261383031623937353864366632306436303732353537393237653363
66656433363331666534323865313861383461656564653337346630343139353032363838663436
32316335336234336663346561373734396661313464396333383734376637343731636331363264
64383033386133393464346332613665656166623033353163616138343561363036653761376334
34346132333166333234306234346433363066313137633530636639346130333963656530303534
30386231383936393831313961356262353839363865376331663565333733336133636538613662
30373866353463633165373738363138376231386465326533353062633261303439386366303630
31653136313165333335636563373430626466363562636135333339363964363330303661396134
62626463316265656230386263366366656337313163653263626639366230323665633961376536
39653162393965633735313836313831333135356438306438323864396565663237666636323966
3431313731303062633630313237326139386463383165616435
