$ANSIBLE_VAULT;1.1;AES256
62623164333564363735313733626139373731663237656133303737306164626332356635326364
3033633733623038653238383537663164323861353039310a633434316539346239396539366237
34656630386438346434336130616238393134633864633537613565663531386634303266633938
6636393731626433620a343564626265303530323936613066316238316530396462643538353239
32623366623363373731313262323763663339623965316561616535666236616537376266623632
64653765383966346263326337303266363636353866333631383466666333373835663532343331
33383631373237653965663733653330313839303237313066396438393062633565633134396565
63326633623163643965663634353034663564373334623465646366623132653838643164366139
66393838623665653863323231346235336562653961363261303661626334613062373964346439
31303330663039366665386236643766626231343639383330383935653631343965366665663136
39353538353338363934623538393933343162633035333765626433626562373731313963396338
62613463646662313236613636386237653137653630303534626538616634396139343830663935
64636532663232333336343438623031386639356363633236343461343461336362356262623363
6165313464663332666436396439326563646233613466633433
