$ANSIBLE_VAULT;1.1;AES256
64363164323434343636336665616239646538643134626337316535313433323233666132366263
6337643136366337343963323336666161613464383736360a653961316363633137373439653938
35393334386639626365346137383962346232643535386262636566653730383764353364643636
3038613538316262380a633731643934643763616364623935353335393137626437343365636161
31396132373965663864653065326464326264613062353032323539653964396266663539633034
39633639643231633564323337623363323237396632343564656633626461303931613638303238
66313535376461646238386134393964626234633531343963373864656462633332343530316666
61373864633031363639646531323037313831393831393264366566333162616435643462623833
37313065626537623832643333653064633366373266663231326334326463313662396635366431
61666562393735376362346431653531393964336130346562333933393831376664396437356331
38636437653733366231613339346238393338343165343938353362316266386663376639656164
37653630626432373335363331333739393764363165636633356338323862333937353330646635
31383366393139613637353934343139306639373366646165333266356236353861656133336331
3736643130663636613337633831626361613963353431306638
