$ANSIBLE_VAULT;1.1;AES256
31343031663336353032623839613134326634343965666262326436326261356230313165333039
3766623631343564373562383665323630643639613762640a353733633862396233653765663461
39366630333964663963393938393431623537373662316562326133323832626438333335393530
6130343830343364650a623732653935383635633138373366363537663031343062633766386461
63396431323862373731396661383138303634666465653166373932613837336137656137343635
32653339363862666561663331623963336635363366663237663964303066303131343033353337
63643962313839366539646665343331396638313337326234363062303631323266313939373834
35393533333739393963333833393039656664333263323064633632396262353036663930656664
32656138333563343164666261373130356636613331616634616333663430383832313939313661
37353131663565346565303961653861383565636533353534373035356536363136636663333766
64363635303630643363393964326536373632613835343337353936363561636436396430383639
38663163346263393661653664653031373536613763396666383031616164666666333736373738
64613562333664363237356662376361393761383462316237353862343331616661643032646337
3965333230663838653838626531396336323535613236313132
