$ANSIBLE_VAULT;1.1;AES256
62373835393063313331646463346161313963383735626137313837626661666332396339383638
3865316531323764393131323432326566376237646538630a393438303930623933306463323662
33396631326435646661666465353961626234636261646439326663343763343562303130306265
6637326466656261660a353238653031366237356261623564656666386339326636373031306661
30333236636134356633343737643538386338326232613935656539333732323535636363656564
32373430613036383130366536633833613039353935636363646565616138326232353030656536
39646165613666383235626264326137613232396430343232373230376662323666613564363639
32636462383866636664373939353238363234663131363633623565643733336439346566306266
31653865346563663066323262346235666535333939376535376533386236303839633136323239
39323030323561386531373235366166623836346139393039373062613937386332316230373438
65313230353438303265323565346630326335623436643635326664643230373433613565366434
65366561663761666538626430656130316265326236623737346630346539643432396238303166
6233
