$ANSIBLE_VAULT;1.1;AES256
62316635663766346334333864386261383435386530346534633438333564643938626437653265
6138333238323563626135323266393931333232626565330a303561626436363833303763396363
34313961663634373963666163643534356264613161323934643830643536353534666538303066
6537663564663534620a666332646561386364313864393434336233643665373765383062386235
39333332393463393237363563363233633037363165623335663634393565353665323434313132
62306436376266646361366461383439393933323362363034373734653633326162643830656431
34373838346561373863336266363739303231323564666439343339343634623634333433633061
30633639613830353039643034623531376166613430373033666330643235646238306264613636
36373536373136323666343438653661313232323265633661663934326133323064333866366635
38393739333836316663663662356532613365666533343761653462343734613665623736353735
63323338633436636236636630656534386434373464613863633665626234346262363665353936
63323136366236323662353061653362633963393536386365633732343961646133663538396334
39656134316135393263343265323162313961623264623636323565343162643439663039646461
3132363837336636356536386362393432313730303239303266
