$ANSIBLE_VAULT;1.1;AES256
62373930643438333932656133366136333439393231313738393866316566333332303235316434
3731346537633837373062663765313665313861376463630a303033396665383561616234313063
64663165386366336164396162386462623065363061633862303032363935653133393065666265
6234376462613333310a616463663236363665623031373665653031623032653331333332313739
66316464636233383035376233313633396666383537393261633064636461363831376534653564
38333338656434303638316165666532623330636633663065613531346135383938633436373337
34626634366266396434373432666666633634626432396235653264393365343063386662623432
66646335376434316434353738383934643335613934383866323562363063626262633262616263
35343565363235313533626462356635656161633139626231656364613761346539353733386133
34616666363035643731333163316136623230616439323265383939666139653361633231646633
38393132326433313738316664653439623039636538626663356563363837666439313662653061
65656466313232373335316261623935393334373035393762313562623635323065313038623131
62613962313263656334306532336666396132303734343638383034386363626237306334643932
3533393062613232376532626439663838396261366135333039
