$ANSIBLE_VAULT;1.1;AES256
62386366376431323161346530346539356166613939323733346362303031323266393163333664
3166663163383736616135643366383365633865313962350a633566343561306530336461333436
35643964366638346433633766373565353032633465343930323464306664636636636135313739
3733383465656339300a383536383437366164353438333365346564633162356336633461303730
62656439326139613431313964343362366263323130653435386430663863313463653038666333
64613135663366383166656535613663313536386261313931326432343734306532666633373930
64333931616433386334396561303138363330373462363665386533336162393539653837366337
62323631343761623334653364633237386236646465626565363437633030656339373730363133
38633438633465346363646631326364633663383966363265656532343861633337656638383438
37356362613733366661616361656136363035616262666166396337326635323038613134333864
35393764343639363763646536623132313638343364363131336237356637386238646362616436
32633164386663623361323837326164313662626133366634343133386561366466656631643034
34613939343666333733376639646339626331383837663465616432643963323561623534326133
6135303062316635393663633566633663333133376635323034
