$ANSIBLE_VAULT;1.1;AES256
31653836663663643533633932376464656264626666616433346365643938396334616139383231
6262376131623539653236653832376237653332396436330a393461306463323534326563376431
31366265666131666538643330613137373762306431613834373630383038666634353064643034
3735373236613562370a643538323665626266336535306461646563326635313833633364623930
63623239323631313636306439313038316235343437643332346563346536373765393235336438
32396363373461343337333030643661356136333864363039333066383662356431643662323631
36626133373537646335303233336133643032336365643566366164363138623534656164323263
61666261616130353463636138636636623036386136323432386435306136663239393638383936
36613832306463626533653038646563343661356235356566363733303764323938613164346432
39306463616230323437343666326361646466326466346238393966656365363337366237643836
66656261373037613332393863393632343265363138653933656433363862613665303037616636
65396562356133383630633266643837313633666630303765376337393661383530386234613938
3131
