$ANSIBLE_VAULT;1.1;AES256
39663534613565313534636164613032393966393937663930643230643638393231653432636166
3933316339613832383535626538646464323631363764320a393564343839343061393265373461
64313166623862653932623938323962306537643038353965633538646539396432343436383033
3130366363386532660a613434383865666336363762373961346461623436656663663437663631
63333465316531393861336366646261383535316630613561623932353261626161386462346435
62396664363061643563613365613466303337326664663933626130663062386663393064373835
30353037356433633361383834323963366132353636653038336636366565623934623465383333
66663664383536663730613634653138386139313436663566333064373461396537393832303534
36393966383562323332353437363434326533656534303733326136663133343562623364336337
34393734646664633662626536313532653234373361363338653062646338663163616162323063
39633634666462396239623438336334623230626362626638313036653730343836663432626466
65313862323431323833343930636632306234333337333736623765663834623134316130623266
3966
