$ANSIBLE_VAULT;1.1;AES256
36323861636130613065353538333336356638363562616632353937353263613935333430343538
6138636164343939643461616463656161333539303438660a656637376338353038623465656530
30383037343635633938306331333062386361396536353232653337626435343266653736346230
6436386161626162340a373064623236366233666166366365373965366430386532323763396438
39663532343834306331646566666562323739323532323963366134666461393539326262323135
36613732303061303361316166376566356438393234363832313463326339653239383738656532
33303731643763313565623466336530363733386134356264646337636633386332336138393636
36643730316436393538663866323666643666663737393861353962633734646162383735333433
37636365303330313739353938653836636162653638376363333861623036643239623563643464
65363764383463303864363537336238346630303836356161623339306438333132383431383835
37643139663539636433633664316463353437396538613763323330646530343565393436633565
61363161323438633637313366396262633339633661366565333736396262393130313637343833
38353738313063386139656630626162636339356637376135386338303335336662626166393833
6333386138656163303766633638356335646162623833376131
