$ANSIBLE_VAULT;1.1;AES256
31313934366666343161383463373336323764636133643635383435366634383461636539363737
6136373431326261366464303034353232326436316238620a353236336161633434613835353863
39303637313038373263613031613738623935626365353639333030663963633438363736336361
3562313166656533660a633564393630613437323036643131323031623963646266373339336666
61623034363965336661613837653963343136646530666233366137343732663335323838646439
64656338613232653838323436356433356637363534393339353838396534376438653232663862
35636439616138376433323637373235626237626662653032386339346136616234376661366363
33316537366133373931326532376335366134633939663330376266313432663136373137313036
65353138393366623835636438393439313963333737306635633665316336333031653832623137
65313864343534363034363231666264613939343363323039656661643034663034663136313636
66623963323436323963643432623265386466373430393238336338633839323738393734363234
65326437373464323935303034376634316331343865623065663534336235643162316531323631
6439
