$ANSIBLE_VAULT;1.1;AES256
34306365653936323939313464626364633165353630616564306361666662386662633030393837
3464363966386163386163306433386365343264653734640a313333306437303266343839333835
31326535626631363533653061396362613466643938653266313161626563636537353039306232
3933663165313064300a646433343238666630636137316533306139323864306439386561393566
66386161373765373435653833353830333737373364653466636234353766303637386362363735
35633766323163306261333634363637373161316530663063643463333665303962313332303136
63366665613639373037343539353134366461306663663435323732353564363663666563386335
35653363633166643432666139336635343463383336656132306531313136616666666433613831
33616437626139666632653338646633653231633535316138323535376665363731633937636635
37653031326330666332396230343137346632653235376536633032383333376561636230333361
37333462633635656638653435663337643931373061333130373663313564336433666335636436
39663434653964306133336633663839383334353161306336653535303030326436386561373562
64393738306236333738346137636361343536643263343834386436623565356232376630333638
3466333765613665316663613166363930353365373563646236
