$ANSIBLE_VAULT;1.1;AES256
65333632656364393233306133646235636430383233366535343831333238363339316438613261
6531656531333638303030656138363730333639383539330a326537393664333235336333633638
37613733383065666433366639333338393466356565316430393635666365323433363465373364
3661303835373138320a383037386538626233303638313939353262326531353161306337353237
39333333653565393437623762633933303961633731633335326538353231383965346336663237
64623234356236646439303165386232666230323863383537336134313661653266306234303034
38323761633833373332363066353330363366366564643938616162656439376239373032376230
32323233633336666163613462353862346462633438656239666533323231636437363739363762
35393538646130343738666539633131366638646330363062643938373663373331626163353038
34653839613637633536653463363264343834333136616533313565653961306563623666656438
34323237633332303331356637616264656332303238396432373663333833363534363537656462
31353034313933613036
