$ANSIBLE_VAULT;1.1;AES256
63356233323732383262336631643661656430656362323031326533343236663530656439653337
6638346532373332653331383039333563653338343034300a356130663336346237626661653333
34336435366538373535326562666130313632363531363635663961363032326135623639366664
3731653164366130620a313930616264373338313538343165393332356434366237653131633262
35303938346535353930646430376231623062356434373131363262643434363733353034366439
63626638633938373765613132366631303461336635316366316262383936316633353866393431
66303961666465333930373938333036646231663033386137303564623530363437646364323264
31613931343863383032363039656136363963333765633635396237396664373435353635626236
65373566313738623266316232343263653836383261653463386132383130366664353735653237
63323066626137343362643564656339366538373431333839306134323963376265366533396537
36313636376532666662386234363738643730653338663536323034643736626465376339656265
32323330343831383938376437623136366134343432386665333761623366356365353266333331
6636
