$ANSIBLE_VAULT;1.1;AES256
30326438323364386336613339343331323933353338393562313936353430383535366564653634
6638383334363839356163663761616362306361356334660a343162303936396537363837333661
33303863643237656132303934626565346231353331643031353534373539653937346339303265
3064333662663739370a343562633737343630393931396135393933303837643533313834393164
39663936333164346366623762373664386363623062646561373130336663393132316638333564
36323136396134373338323236353766333166666665646230323863323562383365613737306334
61303931383264343339333636326533646537643861343038306136313036656432383732626434
31646637346536373937306566363061613966633430343332363135623039303061373636303064
36636134333865333037316462343065376264393331393932653237613566343166633335323461
62363436623066323235393162363665393631373239623164663838623761656335336234393535
34363566643135346664323632363266623632363230326430633936383364623436663530383566
65653737626636346635646533386263323635643330356662393466653862343030326637376663
37373730353835366230623338373763373139663365623039363464646566313332343766363636
3135633933333763656437333430363965646430306433306135
