$ANSIBLE_VAULT;1.1;AES256
33346436356661623164613233343334316235623235303538373233303733363835613363326535
6663613231316232613231666438343063333436653438370a646266373563313039326131323261
65393164623466656231666262646235396266393163376164343435623665303535636366353366
3235626162316563340a306234316462306238383833313739326364363465396430663361636132
64383836323162396263623332663136326664333266353638373939653933613061326332333833
36373132386333346139363731333162653833623264373136643536373866623037666463333336
32306435646438373135383161623563616563653732393762363661663731333235383332633765
33643331303832666137623638623434393366623532336366636361633963343839633330383562
61303465353262353939363462333639613637613965636337646235313534343837336563656561
36336338663764333935353733633031313238316361303464613731613337643232383034663731
32343137343639616364663833396432383332393766653861313937313761633265623366386137
37356561393965353231303336326233396332653939623936613165646530616164303135363433
35333662663866343664353162363331663039656638613866303164303731323564376133376139
6435353336653363366634326231663365356638313033306439
