$ANSIBLE_VAULT;1.1;AES256
36613230373863383663616232353736633163396536353961633061323466663539616164383432
6363616239313364346265313835316663393462306336310a356130346231623266656338356531
33663031616365643634306635633138633133373237313466663131383236653937303738323238
3762343239613163370a363861623631653363393266613162643665313435323664316465653065
37346331613134386136666330333363386164366333323132633432306230303264313438386336
62623137666162346537613966663231646439313633383863353362343563376535363636353338
31303336313364666434343132613262363234366135646662653862643236393264656131303331
63383065393437353063653839643436373362393736646264326166346239353335613563396134
31386162386330373530336365623163323964663633663934303665383530383062646161316532
63623663343766326462623962386563636632393765623162633465623932333566623866643338
38616333363432353865636265333530666465366237356234346238633030306262356434353761
38343661306265343339303862646336636634373566323539343663396538326262343731666465
3837
