$ANSIBLE_VAULT;1.1;AES256
31303665313866366634366661323130306631303133386364393862316239376537363464646263
3865646138323736313230326435343566316265633763340a353232613661636466313732633230
64373262396662376536346136313765373631373830366161376637353537373439333134306563
3136623634356232660a613137376532373236663730666338353835396161306331623532366164
34636332356635323964356338303830323362623264323437613330613766613538386330616361
35666662363738326362313037396166373633343263626430373232333162353437646637303765
62346137633332313831623838353835653039343136336232633061333430356662336334636332
64663336306430363430383363393662353662613466626432346535663136333338306666336139
32653339613131643165363364663865333237323332363735383932373034376364386537653835
66323934643966326136643730376163636436633635346135333133306236383536663633633166
64616263636235646663373630333761313037343138386661356563383735623163623462626661
37656665313861613761336636363935616535323065313337336630346639623232366364633336
37653436616561383237613661306633336161613038663464353739613539376238336163623236
6135313730363362313331386364626233366633643339396137
