$ANSIBLE_VAULT;1.1;AES256
33323637316562646534306365306531346233366365396564353664303033623338623664636161
3962663834663737626139633265323035346635363330370a303933373336303830383435333236
37316232333530616666376332333161643437353463323233613435383636633261303935323365
3736663438336333610a666136343334613866353230356135393363376166613061363163326263
30373237626566633232383262613633313066366538373731306262326337313733316266633231
34306434383063663762613434613530393835613761663631643330643861643532613631616439
39386232393234663638666239663665326562383235346633646133656635343831323062343538
64623933633939663263373230356239316461646634613336663036623733653461373138303930
31353366636136373862356339323464646165303663626666333333646364636562343430663831
38366338383166393662393631323039366265643230623365333566343038373233333330336563
61373136666437346262383562343032356334666261316630613037323738623834326536326131
63663138386563653861
