$ANSIBLE_VAULT;1.1;AES256
35343532643933306366626334316339663730313165646534333263366262633232653831366662
6365383464396533663363613766313962366661363830390a626163613965323965366437613531
64633132306663623461616338323533313766323835393063636236303366333266666438616365
3165313435663865350a386635356539616634363561663137636266343139393737333563653062
63623966613366653134613761626234653737396463363733333133353333343262356537383061
31346663633730623065316135336538356238356162616231346637326434663636636635656635
34656433613138346235316666616632613665373364633938613531363039363866316332393631
37353363663265353937633933343232663439393763616263636264396335316363623962663833
63333132623566653236366634386464313236383737373732663031643162646137343764383363
39376664313936656366356464653638646530353634643237643663646435393764346232353961
63386638623130393761623037383864333835373939666330613830383065643635383961336261
34653364636137623033396431303836376564346237383339303363613238623565376363666530
6162
